100
1 20 3 2 1 3 3 2 3 2 1 1
2 25 3 3 3 3 3 3 3 3 3 3
3 25 3 1 3 3 3 3 3 3 1 3
4 10 1 1 1 1 1 1 1 1 1 1
5 30 1 2 3 1 2 3 2 3 3 3
6 11 2 3 1 3 3 2 3 3 3 2
7 28 2 1 3 1 1 2 1 2 2 1
8 26 2 1 3 2 3 2 1 3 1 3
9 13 2 2 2 3 2 1 3 1 1 3
10 16 2 3 1 1 2 1 3 1 1 3
11 12 3 2 3 1 1 2 1 1 1 2
12 19 1 3 3 3 3 2 1 3 3 1
13 15 1 3 2 2 3 3 2 2 3 3
14 25 1 2 3 2 3 3 2 3 3 3
15 22 2 1 1 3 2 2 2 1 3 1
16 19 2 2 3 1 3 3 1 1 1 3
17 26 2 1 3 3 2 1 3 2 3 3
18 14 1 2 3 1 2 2 1 1 3 1
19 19 3 3 2 2 1 2 3 3 2 3
20 18 3 2 2 2 1 2 1 3 3 2
21 23 2 1 2 2 1 1 2 3 3 1
22 24 2 3 1 1 1 2 3 1 1 3
23 23 3 3 3 1 3 1 2 1 1 3
24 29 1 1 2 1 3 2 3 1 3 2
25 11 3 3 3 3 1 2 1 2 1 2
26 18 2 2 3 2 2 1 3 2 1 1
27 25 1 2 3 3 1 1 1 1 3 3
28 11 3 3 2 2 2 2 3 3 2 3
29 27 3 3 2 3 2 1 1 3 2 3
30 21 1 2 1 2 2 1 2 2 1 3
31 29 1 1 3 3 1 1 2 3 3 1
32 19 1 3 1 1 2 1 2 2 1 2
33 14 3 1 1 2 3 3 1 3 3 2
34 11 1 1 1 1 1 1 2 2 3 3
35 23 3 2 3 3 1 2 2 3 2 3
36 19 2 3 1 3 3 1 1 1 3 3
37 15 3 3 2 2 1 1 3 1 1 3
38 13 2 1 1 2 2 1 2 2 1 2
39 22 2 2 3 2 3 2 2 2 2 1
40 23 2 2 3 2 1 3 1 1 3 1
41 18 3 3 1 1 2 2 3 3 1 2
42 12 3 1 1 1 1 2 3 1 3 1
43 23 1 2 1 3 3 2 1 1 3 1
44 19 3 3 3 2 2 3 3 2 2 2
45 21 1 1 3 1 2 2 2 3 2 1
46 16 2 3 2 3 3 2 2 1 1 3
47 13 3 3 1 3 3 1 3 2 2 2
48 20 2 3 1 1 2 2 1 3 2 1
49 14 3 3 2 1 2 1 1 3 3 1
50 10 3 2 3 2 2 3 1 3 3 1
51 22 3 1 1 3 1 1 2 2 2 3
52 13 2 3 1 2 1 1 2 2 3 2
53 10 2 1 3 2 2 1 1 2 2 2
54 26 1 3 3 2 1 2 1 3 1 1
55 10 2 2 2 1 1 1 1 1 3 1
56 10 3 1 3 1 3 3 2 3 1 2
57 23 2 3 2 2 2 2 2 3 3 2
58 17 2 2 2 1 1 1 3 2 3 2
59 15 1 3 2 3 3 3 1 3 2 1
60 30 1 3 3 1 2 2 3 3 1 2
61 21 2 1 3 2 2 1 2 1 1 2
62 13 2 1 2 3 3 1 3 2 3 2
63 19 1 2 3 3 3 2 2 2 3 2
64 22 1 3 1 2 1 1 1 2 2 2
65 14 3 3 1 1 3 3 3 3 1 3
66 24 3 2 1 1 2 2 1 2 1 2
67 16 1 3 3 3 2 3 1 2 3 3
68 10 2 2 3 1 2 3 3 2 1 2
69 29 2 3 1 2 3 1 3 1 3 2
70 30 3 2 1 2 2 2 1 1 1 2
71 20 3 3 2 1 3 1 2 3 1 3
72 17 1 3 2 3 1 1 3 3 1 2
73 16 3 1 3 2 2 1 3 2 2 3
74 24 3 3 1 3 1 1 3 3 1 1
75 13 1 3 3 1 2 1 2 1 1 3
76 15 3 3 3 1 2 1 3 2 2 2
77 17 2 3 2 1 2 3 1 1 1 2
78 11 1 3 3 1 3 3 3 1 2 3
79 30 1 1 2 3 3 1 2 3 1 3
80 17 3 3 3 3 1 1 3 3 3 2
81 13 1 1 1 2 1 3 2 1 3 1
82 29 2 2 3 3 2 3 2 2 1 2
83 17 3 2 1 1 2 1 2 1 3 3
84 12 3 2 3 3 2 1 1 3 2 2
85 18 1 1 3 2 2 3 3 1 3 2
86 14 3 1 3 2 1 1 2 1 2 2
87 29 3 1 3 1 3 1 1 1 3 3
88 29 1 2 1 1 1 3 3 2 1 1
89 23 3 2 2 3 1 1 2 3 3 1
90 29 3 1 3 3 3 1 3 1 2 3
91 22 3 3 2 1 2 2 2 3 3 2
92 15 2 3 1 2 2 2 3 1 1 1
93 17 1 1 3 2 1 3 2 1 3 3
94 22 3 1 1 3 2 3 2 1 2 1
95 25 3 2 3 1 1 1 2 3 1 3
96 18 3 2 1 2 3 3 2 2 2 3
97 15 3 3 2 2 3 1 1 3 2 3
98 14 3 3 1 3 2 2 1 1 2 2
99 19 2 2 1 3 1 3 1 3 1 2
100 20 1 2 2 1 2 1 1 2 2 1
