1 25.75
2 15.01
3 17.13
4 11.62
5 5.04
6 9.46
7 3.82
8 19.87
9 17.83
10 14.48
11 11.51
12 12.96
13 9.01
14 5.64
15 7.50
16 31.05
17 4.57
18 19.62
19 19.63
20 9.74
21 8.49
22 9.93
23 6.77
24 31.88
25 12.79
26 3.76
27 19.37
28 2.74
29 29.66
30 2.98
31 8.80
32 21.90
33 16.75
34 6.27
35 6.78
36 27.31
37 7.56
38 20.26
39 23.64
40 16.59
41 4.15
42 10.96
43 19.91
44 20.32
45 21.20
46 12.24
47 17.79
48 14.79
49 11.56
50 21.01
51 16.10
52 19.41
53 31.48
54 18.61
55 18.34
56 9.01
57 9.97
58 8.66
59 20.86
60 6.90
61 21.75
62 33.50
63 8.59
64 2.60
65 23.23
66 3.78
67 32.01
68 21.03
69 29.71
70 6.84
71 11.61
72 11.60
73 18.79
74 26.85
75 5.21
76 10.20
77 6.09
78 6.01
79 8.16
80 8.58
81 12.23
82 12.36
83 6.48
84 10.25
85 5.75
86 7.71
87 11.92
88 13.22
89 14.81
90 26.43
91 21.47
92 28.55
93 30.68
94 35.47
95 11.30
96 8.58
97 10.75
98 14.15
99 8.39
100 29.50
