100
1 6 0 .5 .4
2 6 3 .1 .8
3 6 2 .9 .03
4 8 3 0.63954851 0.28387633
5 11 6 0.31707697 0.56301469
6 14 13 0.27173566 0.69932352
7 12 8 0.59197973 0.32685895
8 13 0 0.53136146 0.38674591
9 5 1 0.29872808 0.60977569
10 6 1 0.30066212 0.54516230
11 14 12 0.14890828 0.74818433
12 11 1 0.51722973 0.43582753
13 10 3 0.55024226 0.32260155
14 10 3 0.09919151 0.77020989
15 10 6 0.18350226 0.63317236
16 4 0 0.67634296 0.21233459
17 11 3 0.34689772 0.56611623
18 9 8 0.13654419 0.66725909
19 8 7 0.09681383 0.71403169
20 7 4 0.49873051 0.41058027
21 10 6 0.30057681 0.61783427
22 9 8 0.67491555 0.26891014
23 14 5 0.68407789 0.20604714
24 7 0 0.47527047 0.34154217
25 9 7 0.31906773 0.55006902
26 14 5 0.17620819 0.72354489
27 4 1 0.15591523 0.67915074
28 14 3 0.11240015 0.76772304
29 6 0 0.20383551 0.61730775
30 12 6 0.51150793 0.37570820
31 12 8 0.19262293 0.71885318
32 5 0 0.08231358 0.87763007
33 5 2 0.58106611 0.27164034
34 12 4 0.54962641 0.32033574
35 14 4 0.57148309 0.31032572
36 3 1 0.10567907 0.71790541
37 11 2 0.27725672 0.69551379
38 4 2 0.53975291 0.32193731
39 4 1 0.19623589 0.76392564
40 5 3 0.64491258 0.26880052
41 14 2 0.30377975 0.61004984
42 7 3 0.15699182 0.72783724
43 6 1 0.67424274 0.21796337
44 5 4 0.15310841 0.83257827
45 6 5 0.23308578 0.59719863
46 8 2 0.50853951 0.34399198
47 5 2 0.53263774 0.39891208
48 5 3 0.63903608 0.22077133
49 8 1 0.29806368 0.64777789
50 12 0 0.51066442 0.40252372
51 10 9 0.33544686 0.57057840
52 10 0 0.63174357 0.27430077
53 3 2 0.31189481 0.57497971
54 5 3 0.54688664 0.42047223
55 13 1 0.62532994 0.20235175
56 10 4 0.68284237 0.21250178
57 8 1 0.23035877 0.65940080
58 10 4 0.56589435 0.39753652
59 6 5 0.11847480 0.73202293
60 12 3 0.48528227 0.32663820
61 4 1 0.07116076 0.84145981
62 5 0 0.46138691 0.36278181
63 14 10 0.08965864 0.78996909
64 13 5 0.47744392 0.36419487
65 4 2 0.53640232 0.41496975
66 14 5 0.16988754 0.72848755
67 3 1 0.45727155 0.48611902
68 6 5 0.14168359 0.70356735
69 3 2 0.46596466 0.38982339
70 10 6 0.42534936 0.50776802
71 7 5 0.69351895 0.24981090
72 7 3 0.24008298 0.68677675
73 5 4 0.55107062 0.36903545
74 3 1 0.11616348 0.69352295
75 12 10 0.57637304 0.32666824
76 12 9 0.17458702 0.64748989
77 11 9 0.48254111 0.34595488
78 11 10 0.63401430 0.16743927
79 7 3 0.24496800 0.59352750
80 11 5 0.06819462 0.89413090
81 7 3 0.34109222 0.61683144
82 6 2 0.01738800 0.83129089
83 11 1 0.18529836 0.63441620
84 12 9 0.22245370 0.67004287
85 14 3 0.15563490 0.81465733
86 10 2 0.26214868 0.69456215
87 7 4 0.58546516 0.36887988
88 6 3 0.28654778 0.61370160
89 7 6 0.19911619 0.78762018
90 4 3 0.07903359 0.77886461
91 6 5 0.15870260 0.66819261
92 3 1 0.19506237 0.65635524
93 8 0 0.38042421 0.44993024
94 5 0 0.40636244 0.39377540
95 13 2 0.53890955 0.37636062
96 13 9 0.17313990 0.75822465
97 7 5 0.58797732 0.33418846
98 8 1 0.60605721 0.36509358
99 11 4 0.12282098 0.85159284
100 3 2 0.61539237 0.25859452
