1 25.75
2 15.01
3 14.69
4 8.87
5 3.89
6 6.59
7 7.65
8 19.87
9 21.49
10 20.38
11 2.88
12 11.53
13 4.09
14 11.27
15 4.06
16 31.05
17 9.30
18 6.18
19 6.47
20 10.36
21 6.07
22 14.33
23 3.14
24 31.88
25 6.41
26 7.15
27 26.14
28 10.07
29 29.66
30 2.98
31 4.89
32 21.90
33 14.22
34 2.32
35 1.72
36 32.06
37 10.34
38 20.26
39 25.35
40 18.38
41 11.68
42 12.99
43 13.51
44 19.46
45 12.73
46 7.57
47 17.14
48 17.66
49 15.34
50 21.01
51 10.74
52 19.41
53 30.09
54 18.92
55 6.44
56 6.25
57 17.55
58 7.53
59 11.39
60 2.43
61 25.97
62 33.50
63 3.37
64 1.25
65 23.23
66 7.17
67 32.09
68 11.48
69 30.24
70 5.91
71 14.88
72 13.08
73 20.86
74 31.80
75 12.10
76 1.93
77 11.22
78 19.41
79 10.60
80 8.97
81 13.06
82 17.35
83 18.82
84 3.44
85 8.12
86 11.60
87 12.70
88 13.22
89 13.80
90 19.75
91 11.27
92 31.68
93 30.68
94 35.47
95 6.23
96 5.02
97 14.23
98 12.40
99 9.30
100 31.58
