100
2145747229
2145681731
2144961253
2144371771
2143389301
2143323803
2142996313
2142537827
2142406831
2142210337
2143781599
2143716161
2142996343
2142407401
2141425831
2141360393
2141033203
2140575137
2140444261
2140247947
2143650557
2143585123
2142865349
2142276443
2141294933
2141229499
2140902329
2140444291
2140313423
2140117121
2143388473
2143323047
2142603361
2142014527
2141033137
2140967711
2140640581
2140182599
2140051747
2139855469
2142995347
2142929933
2142210379
2141621653
2140640443
2140575029
2140247959
2139790061
2139659233
2139462991
2142078053
2142012667
2141293421
2140704947
2139724157
2139658771
2139331841
2138874139
2138743367
2138547209
2141684927
2141619553
2140900439
2140312073
2139331463
2139266089
2138939219
2138481601
2138350853
2138154731
2139457213
2139391907
2138673541
2138085787
2137106197
2137040891
2136714361
2136257219
2136126607
2135930689
2139064087
2138998793
2138280559
2137692913
2136713503
2136648209
2136321739
2135864681
2135734093
2135538211
2138146793
2138081527
2137363601
2136776207
2135797217
2135731951
2135405621
2134948759
2134818227
2134622429
