100
2139894793
2139916223
2140036231
2140049089
2140061947
2140070519
2140109093
2140113379
2140173383
2140186241
2140190527
2140250531
2140293391
2140306249
2140319107
2140340537
2140383397
2140456259
2140469117
2140494833
2140511977
2140520549
2140550551
2140559123
2140636271
2140661987
2140679131
2140700561
2140730563
2140743421
2140751993
2140764851
2140790567
2140820569
2140833427
2140872001
2140906289
2140919147
2140949149
2140962007
2141000581
2141034869
2141052013
2141073443
2141142019
2141176307
2141219167
2141244883
2141283457
2141322031
2141330603
2141356319
2141369177
2141433467
2141472041
2141514901
2141562047
2141566333
2141626337
2141652053
2141664911
2141690627
2141780633
2141784919
2141793491
2141823493
2141909213
2141926357
2141973503
2141990647
2142016363
2142042079
2142063509
2142140657
2142166373
2142170659
2142192089
2142209233
2142256379
2142286381
2142294953
2142320669
2142402103
2142414961
2142462107
2142492109
2142504967
2142513539
2142590687
2142684979
2142706409
2142749269
2142800701
2142822131
2142852133
2142899279
2142912137
2142916423
2142954997
2142963569
